0 
0 
0 
0 
0 
0 
0 
0 
0 
0 
0 
0 
0 
0 
0 
0 
0 
0 
0 
0 
0 
0 
0 
0 
0 
0 
0 
0 
0 
0 
0 
0 
0 
2 
3 
0 
0 
0 
0 
0 
0 
0 
0 
0 
0 
0 
0 
0 
0 
0 
0 
0 
0 
0 
0 
0 
0 
0 
0 
0 
0 
0 
0 
0 
0 
0 
0 
1403 
1792 
-13706 
-13025 
968 
-2306 
-7543 
-1209 
-13678 
1737 
2825 
1325 
-6983 
2050 
-11973 
-7800 
3630 
4299 
13205 
15185 
-5576 
-4346 
-9504 
5228 
-14975 
-829 
-10359 
-10133 
-14782 
2881 
-6181 
-14473 
10595 
0 
0 
0 
0 
0 
0 
0 
0 
0 
0 
0 
0 
0 
0 
0 
0 
0 
0 
0 
0 
0 
0 
0 
0 
0 
0 
0 
0 
0 
0 
0 
0 
0 
