0
0
0
0
0
0
0
0
0
0
0
0
0
0
0
0
0
0
0
0
0
0
0
0
0
0
0
0
0
0
0
0
0
1
0
0
0
0
0
0
0
0
0
0
0
0
0
0
0
0
0
0
0
0
0
0
0
0
0
0
0
0
0
0
0
0
12503
7648
14517
6899
13175
7025
11990
11439
-8637
-2397
-8092
-2148
7202
3365
-15715
-2515
-11164
-1128
-5579
-12666
15199
9852
-583
-12589
-16364
11779
-13197
2102
8692
12424
10149
-15538
15451
4874
10360
-2269
-13330
11975
3520
-4935
-9004
15997
-11983
-12468
12083
13744
-934
4803
12818
-12344
8787
-10354
15207
7319
13225
-15154
-8550
7022
9908
14127
12693
5488
10026
7310
-3361
-9300
11345
-7640
-9697
-11037
-2581
-872
-6454
-7506
1148
-14682
16259
5448
10816
15733
10064
-5921
-12616
-442
13402
-8463
-4254
-9303
-12658
12759
-13123
-6775
2865
8273
2934
-9932
15598
-7586
-8672
